1 0.140625 0.10288558125 0.1357421859375 0.0805191609375 0.11816406406249999 0.0805191609375 0.11523437343750001 0.093939015625 0.11523437343750001 0.21919103281250002 0.11816406406249999 0.2326108875 0.12109375 0.228137596875 0.1259765640625 0.1789314515625 0.1337890640625 0.1789314515625 0.140625 0.156565015625 0.140625 0.10288558125
13 0.0965457109375 0.0583365640625 0.0981551375 0.238869984375 0.1408039546875 0.30150390312500003 0.1408039546875 0.04359908125 0.0965457109375 0.0583365640625
15 0.177015246875 0.047283515625 0.146076440625 0.051612903125 0.1456321765625 0.3125570640625 0.17781998906250002 0.3420318875 0.177015246875 0.047283515625
5 0.20538732343750002 0.056209678124999995 0.18130281718750002 0.056209678124999995 0.18130281718750002 0.3199193546875 0.20538732343750002 0.3199193546875 0.20538732343750002 0.056209678124999995
11 0.23677816875 0.060887096875000005 0.21047535156250002 0.060887096875000005 0.21047535156250002 0.36782258125 0.23677816875 0.36782258125 0.23677816875 0.060887096875000005
12 0.270545775 0.0700806453125 0.2416373234375 0.0700806453125 0.2416373234375 0.3125 0.270545775 0.3125 0.270545775 0.0700806453125
10 0.30758802812499997 0.0377419359375 0.27283450781249996 0.0377419359375 0.27283450781249996 0.3235483875 0.30758802812499997 0.3235483875 0.30758802812499997 0.0377419359375
16 0.1546830984375 0.6229838703125 0.096795775 0.6229838703125 0.096795775 0.8799193546874999 0.1546830984375 0.8799193546874999 0.1546830984375 0.6229838703125
8 0.199753521875 0.530887096875 0.156161971875 0.530887096875 0.156161971875 0.9352419359375 0.199753521875 0.9352419359375 0.199753521875 0.530887096875
10 0.2705633796875 0.6000806453124999 0.20845070468750002 0.6000806453124999 0.20845070468750002 0.9389516125 0.2705633796875 0.9389516125 0.2705633796875 0.6000806453124999
12 0.3091725359375 0.6045967734375 0.2718133796875 0.6045967734375 0.2718133796875 0.97572580625 0.3091725359375 0.97572580625 0.3091725359375 0.6045967734375
11 0.37596830937500003 0.6231451609375 0.31811619687500003 0.6231451609375 0.31811619687500003 0.9352419359375 0.37596830937500003 0.9352419359375 0.37596830937500003 0.6231451609375